$ANSIBLE_VAULT;1.1;AES256
63333932633537643361303264626266646630336634383834653532373333653337336235343432
3436613962386638623062626564646136623563386662350a306436383136396533653232303964
64336261633437303235636463353939333765613161343230356134383936643461636235626233
3435306530356130660a303461356632316639663837333739666365333766356165353530633032
66306439323430393766353762663761646466373036643362663836383936326138633034663937
66346465646663636537373538366236343736393165666637313536323339373136306663616261
30313535626566613938343630666235386364663462363065316436663663666533663732633664
30616631353036313664623139303630303864663635646133616164323938623237353561616230
39323661636338643632653766313236356562623263633730383432343866633339653565383636
36613564666262303161313933396565663133306434666165656232666634663730393330666466
61393132666239653631646163316265396635373166386635386337633234633033353936316434
65643038323265396363333565353730313230343366316637366536393031656464393839623431
33616231386634656338343835313463633735623632326536336662326438623162343737623165
65623665633133633931613839343439383334616431396665386534383862343736396166333638
66623433633134383539343164393039353364303363376462386432636630656664613463306534
37623030333237666164643961383939353134306261623662386263386130366434663061393161
34646431356561613463343830303139373464346666663065363534633764623436333433373165
36336330373539356162326131336631356137366131613961373961303033313034386533373336
61313464316163613566346363383238653764656437383931373463343131303139653162633933
38363065623939666663396133623530363635666265316638656434616364333264373261346165
36343266633065306166343161646132623030633038643665323432313735636366663133623564
38333666613766376566326361613130333263353339623063643033313063623037653266663435
66306561343666313762353830306234343732643962363561663236633334316666393230393832
34373464346432643665366236363933633634376363363531393531663539326136666236616131
36626235386662636663643661663161613764366539346135633966376232646565633232363130
38346566643965616263326565303533366330626566333162356332333762393966623532613733
65393335356333663031353431613464636531383839363731646337643861663161386131653330
32643565306365356363613436333462393362613766626561633734366266323863623764616664
33316431323036323635636537616466393936613234323934663836323766643765366430323266
35326261623434343861323864353765376166356534306632633161666233643631643831643534
63396239303531363733613961376435353736353139346562653962343863376533623565343032
33663065396535353432343061643130663132316536643764303666653932353638333336333263
34666462353835663333373631386163356530373230326165336434663335616336613437343465
33303533376433643533656164666335386461653236343664386436386663613363363033613234
31376464383263333562386637653030323836333135623765323233356338643561383561373233
66656137656535343231363034653562373438346663383461383935663731396530653461666132
63306535323264653461646232623035646534396534613637373337616434663334613363663762
30646433323361373032353632356530373962356331383565326132653562363563326130326261
61663735313262376361643564313434343032386632306634623132383737666166386432633739
65346563326664303034653465316566346530646264356438393438353965366334653134313831
38376637643930643439333938623734313930393934616133346334306562383261653766393838
31613166386564653836663733323061666365633631346236336338373763623931366239623132
64313939643365353738373363623061663337346261636536313631616331616539333663643963
65656438353537306565303239376564383264383634303361363635613564303635636462363734
38366236326132346230316539623830373136323733653566623830376465376266386536333166
62386563383735323531386261653465323866303961666633383532613032336136626464386439
39626565663763316335613736306339303334313238643639633532343737636333366466633330
61353939363062646564636634366233306131383633626438383164633734376632316166333466
37626134396138666233623064623639376439623163356636386665653537646431613031623934
66323132656663313037653233346331636532346464316639613430653063633138366532643561
65663462343539303238653531666233396633346266613930333261616330303130303830316266
37353232623637303430633864643362386239663536393365616465626539326665643134323231
30633330646338393661366163363566343431326630363137663933326334636337373566653139
62653762373161666563386237353335363665383733333462356131323938343462333662666336
32396431346666653462666531313437313639666261323365653661383032663136636332653136
63366333346133353130303566316130366437393838656665313633383830303534373436383063
66626533613666613034306561646630396637643530356533666136346663396134393364616532
66633938633431613439323166663530303138323661343231356566666364626561623331663333
35393035303731656238306338663634353037616231316636316330343135616536613234656466
66313962373032373264623838303236383861323739396134636634333763626131356364343231
34303338373164366463383465353332633064383163326565353561383366356538306630356132
62363434666332303162633761386431623035396565333562313561326139323131323637373434
34356237666635633164393231323631373365366462653765393135383039383362373366393238
61616164316436386235336136633830313966333931616263323436623435326638383737316166
61623263326362663565353633366338346266336661313263366564393334616232306265323635
65323231633963353735343162396132346262376363343164656431613763393938363631303637
36383236353630656232613864376339643137643561376439663234346361313061616234373135
34663533623962376338333235323962383565613862363262623734643737316664623364663837
64363137616538313430393662643139336239306233336666346361356431653534643030343633
36326163636663393862323630666566396532323630396666666465613732653265393432333861
61636635643335613965356339316532393636393230376332336535653934373330636439333435
36343963323730306462656163396631353565653562376262643961626232303930353137343338
34333761363562613537623965656230346635316562343765616331346138636566336438353334
35383437636362366130396134396230616638346335643466623663376334393738343835386165
63653430626336653964356564663364333038316138326339633765633266333666376138326534
32626132346233383762613365366234366538353532333331623739356435303665353732613835
32623531363661376364313062346137373739393334323966303163613963386534643438376635
62656663626139303238383530616238326565626264653136653236373763616630656334393036
30356261353532643537666532633034373739386566316537356638633832653933613433303364
66636666623339356632616361376133393465313130383261336335656631363266663231636466
64626138633635383062303234336565626164653135633235323563333366343266323938653037
30303032613261333236346236363530303931383636626231393665396536653634353461323831
30633266313934633232313064383135613031613365636565346130313662336232343466626531
31616530613664356163383065313165393232306265643431353131626464353762353233323439
62616638656132613632343035353535313337633962643039383061666436393765393865616534
36373631326539343739666434383166373437633335366333326331666165366532623564633932
32303564326364633730363036383234316533653564653634623231666366646537373134626630
39343639663639643562356361336636613135336430613633363738633665383639333032656139
39383864336339333634313566316438626535643366306461643438393439306465393830616666
30653730393330366165633236623663383362303063613237346339626232383765633961323632
30656335346266663761313861383132656639643164376165633436303931373662353162366330
63643664346364613233616664313437616236663132343834353430383230613163383666306332
62323166353165663663633732343637396461313066376233373635346232393630613363346464
66366636393231366336653335626337383832353661373132376266343164636366623566326232
34363733396666633063383062653332306163656531326138633836313663626666623863316332
33393533393239613034383632666530376236363736373936363834356130626636373165346561
64616231326231326634366361623937306237666231353138613664306237336639656266393933
36633062356262613933653961303161313738663438343534303231653666666366636563616334
66653439636637346238633632393064623064316664343031653661636465326438616232653536
62643630623365386164393931393734386565643636633630613238353631626532636436646434
64653535373437346335633366633863356434396535323635376233643663343839336337636531
39356561343866333538613237303463363563383931376165323832623963396238373765366361
31666364623339333434643861626236663064343532376532383432633836306662363233663865
32353366643734383330646365356535306633323339653530623262393765323333326133303630
64393732663363623837666336343565303962633534306237343731343537663436393533396639
65663661643164346264313232653966353036353866306637366139633834646563383839383732
30663036383964666166613836613237663161343330363437633966326561663630633734323837
30306430393833353831356264643266343830333161333834306562323930633136653637666264
64336439366561653935633839396435663032393165333334636537613330316630663136626563
31393938646137346364623066393232646533626430646530323163396462623862376564343233
62333462663364373164643666313264323034303161386539326135383261326238313239353165
31323666323162666563373438613533653265323039616332656662623734616163343064336262
30373631363263613462393137643934333930386366613636633037356534666664653639636161
38386231376266613864326334303435356163663262623531653265303438333132353135393032
39666335356466353361643336326539623339353762643833363533333366396437336338646439
31666334643632313333666161653931653264633531383062643932343838636632303538383132
33343461376637366437336466653438393563336263396635373266313133616432326334386637
36653938353165336538376262336334366466373937336231366366646331356333653937306238
64393766383233643464373332376337636235633638383333666361353539303664396236323565
66356561313435643765396332336163663664636334363937616263363735383035363333373136
36316263666633626234376535623033363035333636373338313733363839366434396633353338
38636665393831613766653863396133326537626536383765653734343632653663356634633335
65376131323732653761366136633239353332656535306534633563616366393866366363303461
34356665346564373039643839663263663665393732343436326461313765326233396634393037
33633530626466656236346232383834303431643833303864666664613363363335646261616664
65363338363535666665346161373138623666343566653538653965306164376334616631616130
66373532633434666330393062663139643831663230636432653035303333346361353064366664
39346634633365343839356538336266343431323566326263356137313034633439643738346238
66306132343162623863396135303639316163613031393935623735306561666236643361303833
63336533376137623436353631613536336531363565343761666435373131653764653732333362
37346134303736373062663463643039643963363237613431333361616237373230626163636637
64323434336338666434393264633732623362316233613331376562396138626338336239666665
63616463316531643065376564343634383561306464633038323266366633316139383733323436
35343663646336656630636466336534656164643538663132376164313863623733353034613265
39333465343565326161656136666330393236616366643336336463356361616565356238343934
65316364646634396166313365623135646337613635353966353861303930653333333331656237
37303064333531313830663264626131616339396137333631643362366136313638306437396536
32333231306431323031366236633036363334306362643764386339633261333565656361653435
32373665313639386464623030323831313831623263306631626165363764313231366631363463
63656464343766353262373061623730363162613961636534393533393765666231363033353565
31636337356661356563323433356466313764306335343033656539336465616437323961623937
30656432303465306162323433306335343530626437363435636566656366653630366430303830
34623637383737363736303937356462323862323639353564396230366134396635363566323661
33336262336135383562643361383434663932373332656264356632313464356364383334313665
65656638353635633533333361643739666665366466373730623331656432373034303836636234
32376665313263383964363030383538623962333462666630333931313035386539343234316138
34366164633638373037643232653631306437383063636663333666666363336336623633363937
65663636346364363336663635636266386362633337656637336164323331383662666230393832
63373365646133663038666232333762346531393564623130386233643137336132306364653665
30333661383031333732613735643837363631613037633463623362343733626561613734633562
35633966323564333663646636643933383566623466313935313931313465376634343939333336
63373663653962323539363562646236353330373536633366663462626230613936323133616261
30336233323030393231326530643737653835346131333136353334353430383662323363383963
65383962613933633462366431363039376261376136663439373561633435653738323666363239
30303039316235333032663761306661313132636665373838323662643861353263343639326334
36376361363531663037653833313266633437356665333032323333316561636639613830346336
65643766393564663834346263633063613230343132666237366262643663623063366262316661
64386261356532636162383034616562643735306136366534356631306331336232643231343961
64303264386534386162356633333065373462663936323039626366383431363230643261653364
65383464636435623333653462363733383835316365343466613030316361633565373633303861
30386663306465376165666637316237303232386535316331636662653238633765303863353866
38303435323433663461333531356538623566396536343863636633363534666237323235643534
37326630343764633638303033336665386234363166636462613364373563373739313362333437
34343565646534303761653430623835643761643639623335386636666239623761313264396164
64393963316231333065303663613436313561636564383937363563626632343330313737356134
3962646535333463633162376636613663303837336331326631
